66

HISTOIRE.

15.) Dans la ville de Tobolsk.

     

Enterremcns.

 

 

 

 

 

 

 

 

 

 

 

 

 

 

 

 

 

 

 

 

 

 

 

 

 

 

 

Amnees ges-² ’7 {30³an 'Fi11es. Totam*1 ¹32?- ἓξέζῇτοωι.
1768 249( 283 252 53ςέ 145 123 268
1769 279Ι 227 241 4681γ 144 148 292
1770 310 288 248 536⁴ 170 164 334
1771 254Ὶ 286 250 536 198 204 402
1772 346 292 -65 557 271 289 566
1773 368 364 365 729 236 237 473
1774 218 385 358 743 291 268 559
1775 227 396 352 742 315 296 665
1776 258 463 4-3 826 334Γ 376 764
1777 242 433 359 792 237 263 446
1778 267 424 415 839 248 239 487
1779 181 446 410 856( 292 297 589
1780 190 458 417 8753' 323 337 665
1781 216 453 413 366* 415 400 815
1782 175 471 442 913 4211 396 817
1783 164 *5:⁰AE 466 -ἡ9ῌ96μῗ468ὲ39ῌ9 sse-‚⁷
Tomi ‘382516137 56761136931 4453436411 8813

 

 

 

 

Table

